[gd_scene load_steps=12 format=2]

[ext_resource path="res://prefabs/snake.tscn" type="PackedScene" id=1]
[ext_resource path="res://scripts/world.gd" type="Script" id=2]
[ext_resource path="res://env.tres" type="Environment" id=3]
[ext_resource path="res://scripts/camera_anchor.gd" type="Script" id=4]
[ext_resource path="res://scripts/env.gd" type="Script" id=5]
[ext_resource path="res://scripts/camera.gd" type="Script" id=6]
[ext_resource path="res://scripts/food_spawner.gd" type="Script" id=8]
[ext_resource path="res://materials/distance_2.tres" type="Material" id=9]

[sub_resource type="CubeMesh" id=1]
size = Vector3( 24, 24, 24 )
subdivide_width = 2
subdivide_height = 2
subdivide_depth = 2

[sub_resource type="SpatialMaterial" id=2]
albedo_color = Color( 1, 0.552941, 0.521569, 1 )
metallic = 0.1
metallic_specular = 1.0
roughness = 0.0
subsurf_scatter_enabled = true
subsurf_scatter_strength = 1.0

[sub_resource type="CubeMesh" id=3]
material = SubResource( 2 )
size = Vector3( 40, 100, 40 )

[node name="world" type="Spatial"]
script = ExtResource( 2 )
bounds_bb = Vector3( 12, 22, 12 )

[node name="dir_light" type="DirectionalLight" parent="."]
transform = Transform( 0.707107, -0.190559, 0.680946, 0, 0.963003, 0.269491, -0.707107, -0.190559, 0.680946, 9.33, 1.975, 0 )
light_energy = 0.46
shadow_enabled = true

[node name="env" type="WorldEnvironment" parent="."]
environment = ExtResource( 3 )
script = ExtResource( 5 )
min_glow_intensity = 0.8

[node name="snake" parent="." instance=ExtResource( 1 )]
t = 0.5

[node name="out_box" type="MeshInstance" parent="."]
transform = Transform( 1, 0, 0, 0, 1, 0, 0, 0, 1, 0, 10, 0 )
cast_shadow = 0
mesh = SubResource( 1 )
material/0 = ExtResource( 9 )

[node name="food_spawner" type="Node" parent="."]
script = ExtResource( 8 )

[node name="tower" type="MeshInstance" parent="."]
transform = Transform( 1, 0, 0, 0, 1, 0, 0, 0, 1, 0, -54, 0 )
mesh = SubResource( 3 )
material/0 = null

[node name="camera_anchor" type="Spatial" parent="."]
transform = Transform( 0.571229, 0, 0.82079, 0, 1, 0, -0.82079, 0, 0.571229, 0, 0, 0 )
script = ExtResource( 4 )

[node name="camera" type="Camera" parent="camera_anchor"]
transform = Transform( 1, 0, 0, 0, 0.866025, 0.5, 0, -0.5, 0.866025, 0, 30.8693, 41.0503 )
projection = 1
current = true
fov = 40.0
size = 60.0
far = 1000.0
script = ExtResource( 6 )
target = NodePath("../snake/head")
[connection signal="on_eat_food" from="snake" to="env" method="glow_kick"]
